#FIG 3.2
Portrait
Flush left
Inches
Letter
100.00
Single
0
1200 2
# polyline
2 1 0 0 7 7 999 0 20 4.0 0 0 0 0 0 3
	8447 12430 8447 6725 8447 12430
# polyline
2 1 0 0 7 7 998 0 20 4.0 0 0 0 0 0 4
	8447 6725 8447 6725 8447 12430 8447 6725
# polyline
2 1 0 0 7 7 997 0 20 4.0 0 0 0 0 0 3
	1213 6725 8447 6725 1213 6725
# polyline
2 1 0 0 7 7 996 0 20 4.0 0 0 0 0 0 4
	8447 6725 8447 6725 1213 6725 8447 6725
# polyline
2 1 0 0 7 7 994 0 20 4.0 0 0 0 0 0 4
	1213 12430 8447 12430 1213 6725 1213 12430
# polyline
2 1 0 0 7 7 992 0 20 4.0 0 0 0 0 0 4
	8447 12430 8447 6725 1213 6725 8447 12430
# polyline
2 1 0 1 0 0 991 0 -1 4.0 0 0 0 0 0 2
	1213 12430 8447 12430
# polyline
2 1 0 1 0 0 990 0 -1 4.0 0 0 0 0 0 2
	1213 6725 8447 6725
# polyline
2 1 0 1 0 0 989 0 -1 4.0 0 0 0 0 0 2
	1213 6725 8447 6725
# polyline
2 1 0 1 0 0 988 0 -1 4.0 0 0 0 0 0 2
	1213 12430 8447 12430
# polyline
2 1 0 1 0 0 987 0 -1 4.0 0 0 0 0 0 2
	1213 12430 1213 6725
# polyline
2 1 0 1 0 0 986 0 -1 4.0 0 0 0 0 0 2
	8447 12430 8447 6725
# polyline
2 1 0 1 0 0 985 0 -1 4.0 0 0 0 0 0 2
	8447 12430 8447 6725
# polyline
2 1 0 1 0 0 984 0 -1 4.0 0 0 0 0 0 3
	1213 12430 1213 6725 1213 6725
# polyline
2 1 0 1 0 0 983 0 -1 4.0 0 0 0 0 0 2
	8447 6725 8447 6725
# polyline
2 1 0 1 0 0 982 0 -1 4.0 0 0 0 0 0 2
	8447 12430 8447 12430
# polyline
2 1 0 1 0 0 981 0 -1 4.0 0 0 0 0 0 3
	1213 12430 1213 12430 1213 12358
# polyline
2 1 0 1 0 0 980 0 -1 4.0 0 0 0 0 0 2
	1213 6725 1213 6797
# polyline
2 1 0 1 0 0 978 0 -1 4.0 0 0 0 0 0 2
	3022 12430 3022 12358
# polyline
2 1 0 1 0 0 977 0 -1 4.0 0 0 0 0 0 2
	3022 6725 3022 6797
# polyline
2 1 0 1 0 0 976 0 -1 4.0 0 0 0 0 0 2
	4830 12430 4830 12358
# polyline
2 1 0 1 0 0 975 0 -1 4.0 0 0 0 0 0 2
	4830 6725 4830 6797
# polyline
2 1 0 1 0 0 974 0 -1 4.0 0 0 0 0 0 2
	6638 12430 6638 12358
# polyline
2 1 0 1 0 0 973 0 -1 4.0 0 0 0 0 0 2
	6638 6725 6638 6797
# polyline
2 1 0 1 0 0 972 0 -1 4.0 0 0 0 0 0 2
	8447 12430 8447 12358
# polyline
2 1 0 1 0 0 971 0 -1 4.0 0 0 0 0 0 2
	8447 6725 8447 6797
# text
4 0 0 970 -1 16 11 0 4 193.519 193.519 1167 12680 1\001
# text
4 0 0 968 -1 16 11 0 4 193.519 193.519 2975 12680 2\001
# text
4 0 0 967 -1 16 11 0 4 193.519 193.519 4784 12680 3\001
# text
4 0 0 966 -1 16 11 0 4 193.519 193.519 6592 12680 4\001
# text
4 0 0 965 -1 16 11 0 4 193.519 193.519 8400 12680 5\001
# polyline
2 1 0 1 0 0 964 0 -1 4.0 0 0 0 0 0 2
	1213 12430 1286 12430
# polyline
2 1 0 1 0 0 963 0 -1 4.0 0 0 0 0 0 2
	8447 12430 8374 12430
# polyline
2 1 0 1 0 0 962 0 -1 4.0 0 0 0 0 0 2
	1213 11004 1286 11004
# polyline
2 1 0 1 0 0 961 0 -1 4.0 0 0 0 0 0 2
	8447 11004 8374 11004
# polyline
2 1 0 1 0 0 960 0 -1 4.0 0 0 0 0 0 2
	1213 9577 1286 9577
# polyline
2 1 0 1 0 0 959 0 -1 4.0 0 0 0 0 0 2
	8447 9577 8374 9577
# polyline
2 1 0 1 0 0 958 0 -1 4.0 0 0 0 0 0 2
	1213 8151 1286 8151
# polyline
2 1 0 1 0 0 957 0 -1 4.0 0 0 0 0 0 2
	8447 8151 8374 8151
# polyline
2 1 0 1 0 0 956 0 -1 4.0 0 0 0 0 0 2
	1213 6725 1286 6725
# polyline
2 1 0 1 0 0 955 0 -1 4.0 0 0 0 0 0 2
	8447 6725 8374 6725
# text
4 0 0 953 -1 16 11 0 4 193.519 967.593 704 12513 1e-20\001
# text
4 0 0 952 -1 16 11 0 4 193.519 967.593 704 11087 1e-15\001
# text
4 0 0 951 -1 16 11 0 4 193.519 967.593 704 9661 1e-10\001
# text
4 0 0 950 -1 16 11 0 4 193.519 774.074 797 8235 1e-5\001
# text
4 0 0 949 -1 16 11 0 4 193.519 774.074 755 6808 1e+0\001
# polyline
2 1 0 1 0 0 947 0 -1 4.0 0 0 0 0 0 2
	1213 11276 1249 11276
# polyline
2 1 0 1 0 0 946 0 -1 4.0 0 0 0 0 0 2
	8447 11276 8410 11276
# polyline
2 1 0 1 0 0 945 0 -1 4.0 0 0 0 0 0 2
	1213 11190 1249 11190
# polyline
2 1 0 1 0 0 944 0 -1 4.0 0 0 0 0 0 2
	8447 11190 8410 11190
# polyline
2 1 0 1 0 0 943 0 -1 4.0 0 0 0 0 0 2
	1213 11140 1249 11140
# polyline
2 1 0 1 0 0 942 0 -1 4.0 0 0 0 0 0 2
	8447 11140 8410 11140
# polyline
2 1 0 1 0 0 941 0 -1 4.0 0 0 0 0 0 2
	1213 11104 1249 11104
# polyline
2 1 0 1 0 0 940 0 -1 4.0 0 0 0 0 0 2
	8447 11104 8410 11104
# polyline
2 1 0 1 0 0 939 0 -1 4.0 0 0 0 0 0 2
	1213 11077 1249 11077
# polyline
2 1 0 1 0 0 938 0 -1 4.0 0 0 0 0 0 2
	8447 11077 8410 11077
# polyline
2 1 0 1 0 0 937 0 -1 4.0 0 0 0 0 0 2
	1213 11054 1249 11054
# polyline
2 1 0 1 0 0 936 0 -1 4.0 0 0 0 0 0 2
	8447 11054 8410 11054
# polyline
2 1 0 1 0 0 935 0 -1 4.0 0 0 0 0 0 2
	1213 11035 1249 11035
# polyline
2 1 0 1 0 0 934 0 -1 4.0 0 0 0 0 0 2
	8447 11035 8410 11035
# polyline
2 1 0 1 0 0 933 0 -1 4.0 0 0 0 0 0 2
	1213 11018 1249 11018
# polyline
2 1 0 1 0 0 932 0 -1 4.0 0 0 0 0 0 2
	8447 11018 8410 11018
# polyline
2 1 0 1 0 0 931 0 -1 4.0 0 0 0 0 0 2
	1213 9850 1249 9850
# polyline
2 1 0 1 0 0 930 0 -1 4.0 0 0 0 0 0 2
	8447 9850 8410 9850
# polyline
2 1 0 1 0 0 929 0 -1 4.0 0 0 0 0 0 2
	1213 9764 1249 9764
# polyline
2 1 0 1 0 0 928 0 -1 4.0 0 0 0 0 0 2
	8447 9764 8410 9764
# polyline
2 1 0 1 0 0 927 0 -1 4.0 0 0 0 0 0 2
	1213 9714 1249 9714
# polyline
2 1 0 1 0 0 926 0 -1 4.0 0 0 0 0 0 2
	8447 9714 8410 9714
# polyline
2 1 0 1 0 0 925 0 -1 4.0 0 0 0 0 0 2
	1213 9678 1249 9678
# polyline
2 1 0 1 0 0 924 0 -1 4.0 0 0 0 0 0 2
	8447 9678 8410 9678
# polyline
2 1 0 1 0 0 923 0 -1 4.0 0 0 0 0 0 2
	1213 9650 1249 9650
# polyline
2 1 0 1 0 0 922 0 -1 4.0 0 0 0 0 0 2
	8447 9650 8410 9650
# polyline
2 1 0 1 0 0 921 0 -1 4.0 0 0 0 0 0 2
	1213 9628 1249 9628
# polyline
2 1 0 1 0 0 920 0 -1 4.0 0 0 0 0 0 2
	8447 9628 8410 9628
# polyline
2 1 0 1 0 0 919 0 -1 4.0 0 0 0 0 0 2
	1213 9609 1249 9609
# polyline
2 1 0 1 0 0 918 0 -1 4.0 0 0 0 0 0 2
	8447 9609 8410 9609
# polyline
2 1 0 1 0 0 917 0 -1 4.0 0 0 0 0 0 2
	1213 9592 1249 9592
# polyline
2 1 0 1 0 0 916 0 -1 4.0 0 0 0 0 0 2
	8447 9592 8410 9592
# polyline
2 1 0 1 0 0 915 0 -1 4.0 0 0 0 0 0 2
	1213 8423 1249 8423
# polyline
2 1 0 1 0 0 914 0 -1 4.0 0 0 0 0 0 2
	8447 8423 8410 8423
# polyline
2 1 0 1 0 0 913 0 -1 4.0 0 0 0 0 0 2
	1213 8338 1249 8338
# polyline
2 1 0 1 0 0 912 0 -1 4.0 0 0 0 0 0 2
	8447 8338 8410 8338
# polyline
2 1 0 1 0 0 911 0 -1 4.0 0 0 0 0 0 2
	1213 8287 1249 8287
# polyline
2 1 0 1 0 0 910 0 -1 4.0 0 0 0 0 0 2
	8447 8287 8410 8287
# polyline
2 1 0 1 0 0 909 0 -1 4.0 0 0 0 0 0 2
	1213 8252 1249 8252
# polyline
2 1 0 1 0 0 908 0 -1 4.0 0 0 0 0 0 2
	8447 8252 8410 8252
# polyline
2 1 0 1 0 0 907 0 -1 4.0 0 0 0 0 0 2
	1213 8224 1249 8224
# polyline
2 1 0 1 0 0 906 0 -1 4.0 0 0 0 0 0 2
	8447 8224 8410 8224
# polyline
2 1 0 1 0 0 905 0 -1 4.0 0 0 0 0 0 2
	1213 8202 1249 8202
# polyline
2 1 0 1 0 0 904 0 -1 4.0 0 0 0 0 0 2
	8447 8202 8410 8202
# polyline
2 1 0 1 0 0 903 0 -1 4.0 0 0 0 0 0 2
	1213 8182 1249 8182
# polyline
2 1 0 1 0 0 902 0 -1 4.0 0 0 0 0 0 2
	8447 8182 8410 8182
# polyline
2 1 0 1 0 0 901 0 -1 4.0 0 0 0 0 0 2
	1213 8166 1249 8166
# polyline
2 1 0 1 0 0 900 0 -1 4.0 0 0 0 0 0 2
	8447 8166 8410 8166
# polyline
2 1 0 1 0 0 899 0 -1 4.0 0 0 0 0 0 2
	1213 6997 1249 6997
# polyline
2 1 0 1 0 0 898 0 -1 4.0 0 0 0 0 0 2
	8447 6997 8410 6997
# polyline
2 1 0 1 0 0 897 0 -1 4.0 0 0 0 0 0 2
	1213 6911 1249 6911
# polyline
2 1 0 1 0 0 896 0 -1 4.0 0 0 0 0 0 2
	8447 6911 8410 6911
# polyline
2 1 0 1 0 0 895 0 -1 4.0 0 0 0 0 0 2
	1213 6861 1249 6861
# polyline
2 1 0 1 0 0 894 0 -1 4.0 0 0 0 0 0 2
	8447 6861 8410 6861
# polyline
2 1 0 1 0 0 893 0 -1 4.0 0 0 0 0 0 2
	1213 6825 1249 6825
# polyline
2 1 0 1 0 0 892 0 -1 4.0 0 0 0 0 0 2
	8447 6825 8410 6825
# polyline
2 1 0 1 0 0 891 0 -1 4.0 0 0 0 0 0 2
	1213 6798 1249 6798
# polyline
2 1 0 1 0 0 890 0 -1 4.0 0 0 0 0 0 2
	8447 6798 8410 6798
# polyline
2 1 0 1 0 0 889 0 -1 4.0 0 0 0 0 0 2
	1213 6775 1249 6775
# polyline
2 1 0 1 0 0 888 0 -1 4.0 0 0 0 0 0 2
	8447 6775 8410 6775
# polyline
2 1 0 1 0 0 887 0 -1 4.0 0 0 0 0 0 2
	1213 6756 1249 6756
# polyline
2 1 0 1 0 0 886 0 -1 4.0 0 0 0 0 0 2
	8447 6756 8410 6756
# polyline
2 1 0 1 0 0 885 0 -1 4.0 0 0 0 0 0 2
	1213 6740 1249 6740
# polyline
2 1 0 1 0 0 884 0 -1 4.0 0 0 0 0 0 2
	8447 6740 8410 6740
# polyline
2 1 0 1 1 1 882 0 -1 4.0 0 0 0 0 0 5
	1213 6869 3022 7042 4830 7762 6638 8943 8447 11276
